178.46125415 -37.64229610
178.46119906 -37.64168594
178.46112056 -37.64078730
178.46104206 -37.63988865
178.46096356 -37.63899000
178.46088506 -37.63809136
178.46080736 -37.63719267
178.46074732 -37.63629315
178.46064899 -37.63539574
178.46054940 -37.63449842
178.46044982 -37.63360109
178.46035023 -37.63270377
178.46025065 -37.63180645
178.46015108 -37.63090912
178.46005150 -37.63001180
178.45995193 -37.62911447
178.45985261 -37.62821713
178.45976005 -37.62731934
178.45968546 -37.62642048
178.45961712 -37.62552132
178.45954797 -37.62462219
178.45945341 -37.62372454
178.45933162 -37.62282895
178.45920264 -37.62193400
178.45907345 -37.62103907
178.45894449 -37.62014412
178.45882216 -37.61924859
178.45872962 -37.61835079
178.45864810 -37.61745232
178.45856690 -37.61655382
178.45848571 -37.61565533
178.45840452 -37.61475684
178.45832334 -37.61385834
178.45824215 -37.61295985
178.45816097 -37.61206136
178.45807979 -37.61116286
178.45799861 -37.61026437
178.45791743 -37.60936587
178.45783626 -37.60846738
178.45775508 -37.60756889
178.45767391 -37.60667039
178.45759275 -37.60577190
178.45751158 -37.60487341
178.45743042 -37.60397491
178.45734926 -37.60307642
178.45726810 -37.60217792
178.45718694 -37.60127943
178.45710578 -37.60038093
178.45702463 -37.59948244
178.45694348 -37.59858395
178.45686233 -37.59768545
178.45678119 -37.59678696
178.45670005 -37.59588847
178.45661891 -37.59498998
178.45653777 -37.59409149
178.45645664 -37.59319300
178.45637550 -37.59229451
178.45629437 -37.59139601
178.45621324 -37.59049752
178.45613211 -37.58959903
178.45605099 -37.58870054
178.45596987 -37.58780205
178.45588875 -37.58690355
178.45580763 -37.58600506
178.45572651 -37.58510657
178.45564540 -37.58420808
178.45556429 -37.58330959
178.45548318 -37.58241109
178.45540207 -37.58151260
178.45532096 -37.58061411
178.45523986 -37.57971562
178.45515876 -37.57881713
178.45507766 -37.57791863
178.45499657 -37.57702014
178.45491547 -37.57612165
178.45483438 -37.57522316
178.45475329 -37.57432466
178.45467220 -37.57342617
178.45459111 -37.57252768
178.45451003 -37.57162919
178.45442895 -37.57073069
178.45434787 -37.56983220
178.45426679 -37.56893371
178.45418572 -37.56803521
178.45410465 -37.56713672
178.45402357 -37.56623823
178.45394251 -37.56533973
178.45386144 -37.56444124
178.45378038 -37.56354275
178.45369931 -37.56264426
178.45361825 -37.56174576
178.45353720 -37.56084727
178.45345614 -37.55994878
178.45337509 -37.55905028
178.45329404 -37.55815179
178.45321299 -37.55725330
178.45313194 -37.55635480
178.45305090 -37.55545631
178.45296985 -37.55455781
178.45288881 -37.55365932
178.45280778 -37.55276083
178.45272674 -37.55186233
178.45264571 -37.55096384
178.45256467 -37.55006534
178.45248365 -37.54916685
178.45240262 -37.54826836
178.45232159 -37.54736986
178.45224057 -37.54647137
178.45215955 -37.54557287
178.45207853 -37.54467438
178.45199751 -37.54377589
178.45191650 -37.54287739
178.45183549 -37.54197890
178.45175448 -37.54108040
178.45167347 -37.54018191
178.45159246 -37.53928341
178.45151146 -37.53838492
178.45143046 -37.53748643
178.45134946 -37.53658793
178.45126846 -37.53568944
178.45118747 -37.53479094
178.45110648 -37.53389245
178.45102549 -37.53299395
178.45094450 -37.53209546
178.45086351 -37.53119696
178.45078253 -37.53029847
178.45070155 -37.52939997
178.45062057 -37.52850148
178.45053959 -37.52760298
178.45045861 -37.52670449
178.45037764 -37.52580599
178.45029667 -37.52490750
178.45021570 -37.52400900
178.45013473 -37.52311051
178.45005377 -37.52221201
178.44997281 -37.52131352
178.44989185 -37.52041502
178.44981089 -37.51951653
178.44972993 -37.51861803
178.44964898 -37.51771954
178.44956803 -37.51682104
178.44948708 -37.51592255
178.44940613 -37.51502405
178.44932519 -37.51412555
178.44924424 -37.51322706
178.44916330 -37.51232856
178.44908236 -37.51143007
178.44900143 -37.51053157
178.44890332 -37.50963690
178.44836214 -37.50887088
178.44723303 -37.50891996
178.44610393 -37.50896903
178.44497482 -37.50901809
178.44384571 -37.50906714
178.44271660 -37.50911618
178.44158748 -37.50916520
178.44045837 -37.50921422
178.43932925 -37.50926322
178.43820013 -37.50931222
178.43707101 -37.50936120
178.43594189 -37.50941017
178.43481277 -37.50945913
178.43368364 -37.50950808
178.43255452 -37.50955702
178.43142539 -37.50960595
178.43029626 -37.50965486
178.42916712 -37.50970377
178.42803799 -37.50975266
178.42690885 -37.50980155
178.42577972 -37.50985042
178.42465058 -37.50989928
178.42352144 -37.50994814
178.42239230 -37.50999698
178.42126315 -37.51004580
178.42013401 -37.51009462
178.41900486 -37.51014343
178.41787571 -37.51019223
178.41674656 -37.51024101
178.41561741 -37.51028979
178.41448825 -37.51033855
178.41335910 -37.51038730
178.41222994 -37.51043604
178.41110078 -37.51048477
178.40997162 -37.51053349
178.40884246 -37.51058220
178.40771329 -37.51063090
178.40658413 -37.51067959
178.40545496 -37.51072826
178.40432579 -37.51077693
178.40319662 -37.51082558
178.40206745 -37.51087422
178.40093828 -37.51092286
178.39980910 -37.51097148
178.39867992 -37.51102009
178.39755074 -37.51106869
178.39642156 -37.51111728
178.39529237 -37.51116586
178.39416319 -37.51121442
178.39303400 -37.51126298
178.39190481 -37.51131153
178.39077562 -37.51136006
178.38964643 -37.51140858
178.38851724 -37.51145710
178.38738804 -37.51150560
178.38625884 -37.51155409
178.38512964 -37.51160257
178.38400045 -37.51165104
178.38287124 -37.51169949
178.38174204 -37.51174794
178.38061283 -37.51179638
178.37948363 -37.51184480
178.37835442 -37.51189322
178.37722521 -37.51194162
178.37609599 -37.51199001
178.37496678 -37.51203839
178.37383757 -37.51208676
178.37270835 -37.51213512
178.37157913 -37.51218347
178.37044991 -37.51223181
178.36932069 -37.51228013
178.36819146 -37.51232845
178.36706224 -37.51237675
178.36593301 -37.51242505
178.36480378 -37.51247333
178.36367455 -37.51252160
178.36254532 -37.51256986
178.36141608 -37.51261811
178.36028685 -37.51266635
178.35915761 -37.51271458
178.35802837 -37.51276279
178.35689913 -37.51281100
178.35576989 -37.51285919
178.35464065 -37.51290738
178.35351140 -37.51295555
178.35238215 -37.51300371
178.35125290 -37.51305186
178.35012365 -37.51310000
178.34899440 -37.51314813
178.34786515 -37.51319625
178.34673589 -37.51324436
178.34560663 -37.51329245
178.34447738 -37.51334054
178.34334811 -37.51338861
178.34221885 -37.51343668
178.34108959 -37.51348473
178.33996032 -37.51353277
178.33883106 -37.51358080
178.33770179 -37.51362882
178.33657252 -37.51367683
178.33544324 -37.51372482
178.33431397 -37.51377281
178.33318469 -37.51382079
178.33205542 -37.51386875
178.33092614 -37.51391671
178.32979686 -37.51396465
178.32871508 -37.51401056
178.32871508 -37.51401056
178.32844452 -37.51488522
178.32817395 -37.51575988
178.32790338 -37.51663454
178.32763280 -37.51750920
178.32736221 -37.51838385
178.32709162 -37.51925851
178.32682102 -37.52013317
178.32655042 -37.52100782
178.32627980 -37.52188248
178.32600919 -37.52275713
178.32573856 -37.52363179
178.32546793 -37.52450644
178.32519730 -37.52538109
178.32492665 -37.52625575
178.32465600 -37.52713040
178.32438535 -37.52800505
178.32411469 -37.52887970
178.32384402 -37.52975435
178.32357335 -37.53062900
178.32330267 -37.53150365
178.32303198 -37.53237830
178.32276129 -37.53325295
178.32249059 -37.53412760
178.32221988 -37.53500224
178.32194917 -37.53587689
178.32167845 -37.53675154
178.32140773 -37.53762618
178.32113700 -37.53850083
178.32086626 -37.53937547
178.32059552 -37.54025012
178.32032477 -37.54112476
178.32005401 -37.54199940
178.31978325 -37.54287405
178.31951248 -37.54374869
178.31924171 -37.54462333
178.31897093 -37.54549797
178.31870014 -37.54637261
178.31842935 -37.54724725
178.31815855 -37.54812189
178.31788774 -37.54899653
178.31761693 -37.54987117
178.31734612 -37.55074581
178.31707529 -37.55162044
178.31680446 -37.55249508
178.31653362 -37.55336972
178.31626278 -37.55424435
178.31599193 -37.55511899
178.31572108 -37.55599362
178.31545021 -37.55686826
178.31517934 -37.55774289
