166.93636977 -46.22396064
166.93627429 -46.22485856
166.93617880 -46.22575648
166.93608331 -46.22665439
166.93598782 -46.22755231
166.93589233 -46.22845023
166.93579683 -46.22934814
166.93570133 -46.23024606
166.93560583 -46.23114397
166.93551032 -46.23204189
166.93541481 -46.23293980
166.93531929 -46.23383772
166.93522377 -46.23473563
166.93512825 -46.23563354
166.93503273 -46.23653146
166.93493720 -46.23742937
166.93484167 -46.23832728
166.93474614 -46.23922520
166.93465060 -46.24012311
166.93455506 -46.24102102
166.93445951 -46.24191893
166.93436396 -46.24281684
166.93426841 -46.24371476
166.93417286 -46.24461267
166.93407730 -46.24551058
166.93398174 -46.24640849
166.93388617 -46.24730640
166.93379061 -46.24820431
166.93369504 -46.24910222
166.93359946 -46.25000012
166.93350388 -46.25089803
166.93340830 -46.25179594
166.93331272 -46.25269385
166.93321713 -46.25359176
166.93312154 -46.25448966
166.93302594 -46.25538757
166.93293035 -46.25628548
166.93283475 -46.25718339
166.93273914 -46.25808129
166.93264353 -46.25897920
166.93254792 -46.25987710
166.93245231 -46.26077501
166.93235669 -46.26167291
166.93226107 -46.26257082
166.93216544 -46.26346872
166.93206982 -46.26436663
166.93197418 -46.26526453
166.93187855 -46.26616243
166.93178291 -46.26706034
166.93168727 -46.26795824
166.93159163 -46.26885614
166.93149598 -46.26975405
166.93140033 -46.27065195
166.93130467 -46.27154985
166.93120901 -46.27244775
166.93111335 -46.27334565
166.93101769 -46.27424355
166.93092202 -46.27514145
166.93082635 -46.27603935
166.93073067 -46.27693725
166.93063500 -46.27783515
166.93053932 -46.27873305
166.93044363 -46.27963095
166.93034794 -46.28052885
166.93025225 -46.28142675
166.93015656 -46.28232465
166.93006086 -46.28322254
166.92996516 -46.28412044
166.92986945 -46.28501834
166.92977374 -46.28591623
166.92967803 -46.28681413
166.92958232 -46.28771203
166.92948660 -46.28860992
166.92939088 -46.28950782
166.92929515 -46.29040571
166.92919943 -46.29130361
166.92910369 -46.29220150
166.92900796 -46.29309940
166.92891222 -46.29399729
166.92881648 -46.29489519
166.92872073 -46.29579308
166.92862498 -46.29669097
166.92852923 -46.29758887
166.92843348 -46.29848676
166.92833772 -46.29938465
166.92824196 -46.30028254
166.92814620 -46.30118043
166.92805043 -46.30207832
166.92795466 -46.30297621
166.92785889 -46.30387410
166.92776311 -46.30477199
166.92766733 -46.30566988
166.92757154 -46.30656776
166.92747576 -46.30746565
166.92737997 -46.30836354
166.92728417 -46.30926143
166.92718838 -46.31015932
166.92709257 -46.31105720
166.92699677 -46.31195509
166.92690096 -46.31285298
166.92680515 -46.31375086
166.92670934 -46.31464875
166.92661352 -46.31554663
166.92651770 -46.31644452
166.92642188 -46.31734240
166.92632605 -46.31824029
166.92623022 -46.31913817
166.92613438 -46.32003606
166.92603855 -46.32093394
166.92594270 -46.32183182
166.92584686 -46.32272971
166.92575101 -46.32362759
166.92565516 -46.32452547
166.92555931 -46.32542335
166.92546345 -46.32632124
166.92536759 -46.32721912
166.92527172 -46.32811700
166.92517586 -46.32901488
166.92507999 -46.32991276
166.92498411 -46.33081064
166.92488823 -46.33170852
166.92479235 -46.33260640
166.92469647 -46.33350428
166.92460058 -46.33440216
166.92450469 -46.33530004
166.92440879 -46.33619791
166.92431290 -46.33709579
166.92421699 -46.33799367
166.92412109 -46.33889155
166.92402518 -46.33978942
166.92392927 -46.34068730
166.92383335 -46.34158518
166.92373744 -46.34248305
166.92364152 -46.34338093
166.92354559 -46.34427880
166.92344966 -46.34517668
166.92335373 -46.34607455
166.92325780 -46.34697243
166.92316186 -46.34787030
166.92306591 -46.34876818
166.92296997 -46.34966605
166.92287402 -46.35056392
166.92277807 -46.35146180
166.92268211 -46.35235967
166.92258615 -46.35325754
166.92249019 -46.35415541
166.92239423 -46.35505329
166.92229826 -46.35595116
166.92220229 -46.35684903
166.92210631 -46.35774690
166.92201033 -46.35864477
166.92191435 -46.35954264
166.92181836 -46.36044051
166.92172238 -46.36133838
166.92162638 -46.36223625
166.92153039 -46.36313412
166.92143439 -46.36403199
166.92133839 -46.36492986
166.92124238 -46.36582772
166.92114637 -46.36672559
166.92105036 -46.36762346
166.92095434 -46.36852133
166.92085832 -46.36941919
166.92076230 -46.37031706
166.92066627 -46.37121493
166.92057024 -46.37211279
166.92047421 -46.37301066
166.92037817 -46.37390852
166.92028214 -46.37480639
166.92018609 -46.37570425
166.92009005 -46.37660212
166.91999400 -46.37749998
166.91989794 -46.37839784
166.91980189 -46.37929571
166.91970583 -46.38019357
166.91960976 -46.38109143
166.91951370 -46.38198930
166.91941763 -46.38288716
166.91932155 -46.38378502
166.91922548 -46.38468288
166.91912940 -46.38558074
166.91903331 -46.38647860
166.92033098 -46.38654564
166.92162865 -46.38661267
166.92292633 -46.38667969
166.92422401 -46.38674668
166.92552169 -46.38681367
166.92681938 -46.38688064
166.92811706 -46.38694759
166.92941476 -46.38701453
166.93071245 -46.38708146
166.93201015 -46.38714837
166.93330785 -46.38721526
166.93460556 -46.38728214
166.93590327 -46.38734901
166.93720098 -46.38741586
166.93849870 -46.38748270
166.93979642 -46.38754952
166.94109414 -46.38761633
166.94239187 -46.38768313
166.94368959 -46.38774990
166.94498733 -46.38781667
166.94628506 -46.38788342
166.94758280 -46.38795015
166.94888055 -46.38801687
166.95017829 -46.38808358
166.95147604 -46.38815027
166.95277380 -46.38821695
166.95407155 -46.38828361
166.95536931 -46.38835026
166.95666708 -46.38841689
166.95796484 -46.38848351
166.95926261 -46.38855011
166.96056039 -46.38861670
166.96185816 -46.38868327
166.96315594 -46.38874983
166.96445373 -46.38881638
166.96575152 -46.38888291
166.96704931 -46.38894942
166.96834710 -46.38901592
166.96964490 -46.38908241
166.97094270 -46.38914888
166.97224050 -46.38921534
166.97353831 -46.38928178
166.97483612 -46.38934821
166.97613393 -46.38941462
166.97743175 -46.38948102
166.97872957 -46.38954740
166.98002740 -46.38961377
166.98132522 -46.38968013
166.98262306 -46.38974646
166.98392089 -46.38981279
166.98521873 -46.38987910
166.98651657 -46.38994540
166.98781441 -46.39001168
166.98911226 -46.39007794
166.99041011 -46.39014420
166.99170797 -46.39021043
166.99300582 -46.39027666
166.99430368 -46.39034286
166.99560155 -46.39040906
166.99689942 -46.39047524
166.99819729 -46.39054140
166.99949516 -46.39060755
167.00079304 -46.39067368
167.00209092 -46.39073980
167.00338881 -46.39080591
167.00468669 -46.39087200
167.00598458 -46.39093807
167.00728248 -46.39100414
167.00858038 -46.39107018
167.00987828 -46.39113621
167.01117618 -46.39120223
167.01247409 -46.39126823
167.01377200 -46.39133422
167.01506992 -46.39140020
167.01636784 -46.39146615
167.01766576 -46.39153210
167.01896368 -46.39159803
167.02026161 -46.39166394
167.02155954 -46.39172984
167.02285748 -46.39179573
167.02415542 -46.39186160
167.02545336 -46.39192746
167.02675130 -46.39199330
167.02804925 -46.39205912
167.02934720 -46.39212494
167.03064516 -46.39219073
167.03194311 -46.39225652
167.03324108 -46.39232228
167.03453904 -46.39238804
167.03583701 -46.39245378
167.03713498 -46.39251950
167.03843295 -46.39258521
167.03973093 -46.39265091
167.04102891 -46.39271659
167.04232690 -46.39278225
167.04362489 -46.39284790
167.04492288 -46.39291354
167.04622087 -46.39297916
167.04751887 -46.39304477
167.04881687 -46.39311036
167.05011488 -46.39317594
167.05141288 -46.39324150
167.05271089 -46.39330705
167.05400891 -46.39337259
167.05530693 -46.39343811
167.05660495 -46.39350361
167.05790297 -46.39356910
167.05920100 -46.39363458
167.06049903 -46.39370004
167.06179707 -46.39376548
167.06309510 -46.39383091
167.06439314 -46.39389633
167.06569119 -46.39396173
167.06698924 -46.39402712
167.06828729 -46.39409249
167.06958534 -46.39415785
167.07088340 -46.39422319
167.07218146 -46.39428852
167.07347952 -46.39435384
167.07477759 -46.39441914
167.07607566 -46.39448442
167.07737374 -46.39454969
167.07867181 -46.39461495
167.07996990 -46.39468019
167.08126798 -46.39474542
167.08256607 -46.39481063
167.08386416 -46.39487582
167.08516225 -46.39494101
167.08646035 -46.39500617
167.08775845 -46.39507133
167.08905655 -46.39513647
167.09035466 -46.39520159
167.09165277 -46.39526670
167.09295088 -46.39533179
167.09424900 -46.39539687
167.09554712 -46.39546194
167.09684524 -46.39552699
167.09814337 -46.39559202
167.09944150 -46.39565704
167.10073963 -46.39572205
167.10203777 -46.39578704
167.10333591 -46.39585202
167.10463405 -46.39591699
167.10593220 -46.39598193
167.10723035 -46.39604687
167.10852850 -46.39611179
167.10982666 -46.39617669
167.11112482 -46.39624158
167.11242298 -46.39630646
167.11372114 -46.39637132
167.11501931 -46.39643616
167.11631749 -46.39650100
167.11761566 -46.39656581
167.11891384 -46.39663061
167.12021202 -46.39669540
167.12151021 -46.39676017
167.12280840 -46.39682493
167.12410659 -46.39688967
167.12540478 -46.39695440
167.12670298 -46.39701912
167.12800119 -46.39708382
167.12929939 -46.39714850
167.13059760 -46.39721317
167.13189581 -46.39727783
167.13319403 -46.39734247
167.13449224 -46.39740709
167.13579046 -46.39747171
167.13708869 -46.39753630
167.13838692 -46.39760089
167.13968515 -46.39766545
167.14098338 -46.39773001
167.14228162 -46.39779454
167.14357986 -46.39785907
167.14487811 -46.39792358
167.14617635 -46.39798807
167.14747460 -46.39805255
167.14877286 -46.39811701
167.15007111 -46.39818147
167.15136938 -46.39824590
167.15266764 -46.39831032
167.15396591 -46.39837473
167.15526418 -46.39843912
167.15656245 -46.39850350
167.15786073 -46.39856786
167.15915901 -46.39863221
167.16045729 -46.39869654
167.16175558 -46.39876086
167.16305387 -46.39882516
167.16435216 -46.39888945
167.16565045 -46.39895373
167.16694875 -46.39901799
167.16824706 -46.39908223
167.16954536 -46.39914646
167.17084367 -46.39921068
167.17214198 -46.39927488
167.17344030 -46.39933906
167.17473862 -46.39940324
167.17603694 -46.39946739
167.17733526 -46.39953153
167.17863359 -46.39959566
167.17993192 -46.39965978
167.18123026 -46.39972387
167.18252860 -46.39978796
167.18382694 -46.39985203
167.18512528 -46.39991608
167.18642363 -46.39998012
167.18772198 -46.40004415
167.18902034 -46.40010816
167.19031869 -46.40017215
167.19161705 -46.40023613
167.19291542 -46.40030010
167.19421378 -46.40036405
167.19551215 -46.40042799
167.19681053 -46.40049191
167.19810890 -46.40055582
167.19940728 -46.40061971
167.20070567 -46.40068359
167.20200405 -46.40074746
167.20330244 -46.40081131
167.20460084 -46.40087514
167.20589923 -46.40093896
167.20719763 -46.40100277
167.20849603 -46.40106656
167.20979444 -46.40113033
167.21109285 -46.40119409
167.21239126 -46.40125784
167.21368968 -46.40132157
167.21498809 -46.40138529
167.21628652 -46.40144899
167.21758494 -46.40151268
167.21888337 -46.40157636
167.22018180 -46.40164002
167.22148024 -46.40170366
167.22277867 -46.40176729
167.22407711 -46.40183090
167.22537556 -46.40189451
167.22667401 -46.40195809
167.22797246 -46.40202166
167.22927091 -46.40208522
167.23056937 -46.40214876
167.23186783 -46.40221229
167.23316629 -46.40227580
167.23446476 -46.40233930
167.23576323 -46.40240278
167.23706170 -46.40246625
167.23836017 -46.40252970
167.23965865 -46.40259314
167.24095714 -46.40265656
167.24225562 -46.40271997
167.24355411 -46.40278337
167.24485260 -46.40284675
167.24615110 -46.40291012
167.24744960 -46.40297347
167.24874810 -46.40303680
167.25004660 -46.40310012
167.25134511 -46.40316343
167.25264362 -46.40322672
167.25394214 -46.40329000
167.25524065 -46.40335327
167.25653917 -46.40341651
167.25783770 -46.40347975
167.25913622 -46.40354297
167.26043475 -46.40360617
167.26173329 -46.40366936
167.26303182 -46.40373253
167.26433036 -46.40379569
167.26562891 -46.40385884
167.26692745 -46.40392197
167.26822600 -46.40398509
167.26952455 -46.40404819
167.27082311 -46.40411128
167.27212167 -46.40417435
167.27342023 -46.40423741
167.27471879 -46.40430045
167.27601736 -46.40436348
167.27731593 -46.40442649
167.27861450 -46.40448949
167.27991308 -46.40455247
167.28121166 -46.40461544
167.28251025 -46.40467840
167.28380883 -46.40474134
167.28510742 -46.40480427
167.28640602 -46.40486718
167.28770461 -46.40493007
167.28900321 -46.40499295
167.29030181 -46.40505582
167.29160042 -46.40511867
167.29289903 -46.40518151
167.29419764 -46.40524433
167.29549626 -46.40530714
167.29679487 -46.40536994
167.29809350 -46.40543271
167.29939212 -46.40549548
167.30069075 -46.40555823
167.30198938 -46.40562096
167.30328801 -46.40568368
167.30458665 -46.40574639
167.30588529 -46.40580908
167.30718393 -46.40587176
167.30848258 -46.40593442
167.30978123 -46.40599706
167.31107988 -46.40605970
167.31237854 -46.40612231
167.31367720 -46.40618492
167.31497586 -46.40624750
167.31627453 -46.40631008
167.31757319 -46.40637264
167.31887187 -46.40643518
167.32017054 -46.40649771
167.32146922 -46.40656022
167.32276790 -46.40662272
167.32406658 -46.40668521
167.32536527 -46.40674768
167.32666396 -46.40681014
167.32796265 -46.40687258
167.32926135 -46.40693500
167.33056005 -46.40699742
167.33185875 -46.40705981
167.33315746 -46.40712220
167.33445617 -46.40718456
167.33575488 -46.40724692
167.33705360 -46.40730926
167.33835231 -46.40737158
167.33965104 -46.40743389
167.34094976 -46.40749618
167.34224849 -46.40755846
167.34354722 -46.40762073
167.34484595 -46.40768298
167.34614469 -46.40774522
167.34744343 -46.40780744
167.34874217 -46.40786964
167.35004092 -46.40793183
167.35133967 -46.40799401
167.35263842 -46.40805617
167.35393718 -46.40811832
167.35523594 -46.40818045
167.35653470 -46.40824257
167.35783346 -46.40830468
167.35913223 -46.40836677
167.36043100 -46.40842884
167.36172978 -46.40849090
167.36302855 -46.40855295
167.36432733 -46.40861498
167.36562612 -46.40867699
167.36692490 -46.40873899
167.36822369 -46.40880098
167.36952249 -46.40886295
167.37082128 -46.40892491
167.37212008 -46.40898685
167.37341888 -46.40904878
167.37471769 -46.40911069
167.37601650 -46.40917259
167.37731531 -46.40923447
167.37861412 -46.40929634
167.37991294 -46.40935820
167.38121176 -46.40942004
167.38251058 -46.40948186
167.38380941 -46.40954367
167.38510824 -46.40960547
167.38640707 -46.40966725
167.38770591 -46.40972901
167.38900475 -46.40979076
167.39030359 -46.40985250
167.39160244 -46.40991422
167.39290128 -46.40997593
167.39420013 -46.41003762
167.39549899 -46.41009930
167.39679785 -46.41016097
167.39809671 -46.41022261
167.39939557 -46.41028425
167.40069444 -46.41034587
167.40199331 -46.41040747
167.40329218 -46.41046906
167.40459106 -46.41053064
167.40588994 -46.41059220
167.40718882 -46.41065374
167.40848770 -46.41071528
167.40978659 -46.41077679
167.41108548 -46.41083829
167.41238438 -46.41089978
167.41368327 -46.41096125
167.41498217 -46.41102271
167.41628108 -46.41108416
167.41757998 -46.41114558
167.41887889 -46.41120700
167.42017781 -46.41126840
167.42147672 -46.41132978
167.42277564 -46.41139115
167.42407456 -46.41145251
167.42537349 -46.41151385
167.42667242 -46.41157517
167.42797135 -46.41163648
167.42927028 -46.41169778
167.43056922 -46.41175906
167.43186816 -46.41182033
167.43316710 -46.41188158
167.43446605 -46.41194282
167.43576500 -46.41200404
167.43706395 -46.41206525
167.43836290 -46.41212644
167.43966186 -46.41218762
167.44096082 -46.41224879
167.44225979 -46.41230994
167.44355875 -46.41237107
167.44485772 -46.41243219
167.44615670 -46.41249330
167.44745568 -46.41255439
167.44875466 -46.41261547
167.45005364 -46.41267653
167.45135262 -46.41273757
167.45265161 -46.41279861
167.45395060 -46.41285962
167.45524960 -46.41292063
167.45654860 -46.41298161
167.45784760 -46.41304259
167.45914660 -46.41310355
167.46044561 -46.41316449
167.46174462 -46.41322542
167.46304363 -46.41328634
167.46434265 -46.41334723
167.46564166 -46.41340812
167.46694069 -46.41346899
167.46823971 -46.41352985
167.46953874 -46.41359069
167.47083777 -46.41365151
167.47213681 -46.41371233
167.47343584 -46.41377312
167.47473488 -46.41383391
167.47603392 -46.41389467
167.47733297 -46.41395543
167.47863202 -46.41401617
167.47993107 -46.41407689
167.48123013 -46.41413760
167.48252918 -46.41419829
167.48382825 -46.41425897
167.48512731 -46.41431964
167.48642638 -46.41438029
167.48772545 -46.41444092
167.48902452 -46.41450154
167.49032360 -46.41456215
167.49162268 -46.41462274
167.49292176 -46.41468332
167.49422084 -46.41474388
167.49551993 -46.41480443
167.49681902 -46.41486496
167.49811812 -46.41492548
167.49941721 -46.41498598
167.50071631 -46.41504647
167.50201542 -46.41510695
167.50331452 -46.41516741
167.50461363 -46.41522785
167.50591274 -46.41528828
167.50721186 -46.41534869
167.50851098 -46.41540909
167.50981010 -46.41546948
167.51110922 -46.41552985
167.51240835 -46.41559021
167.51370748 -46.41565055
167.51500661 -46.41571088
167.51630575 -46.41577119
167.51760489 -46.41583149
167.51890403 -46.41589177
167.52020318 -46.41595204
167.52150232 -46.41601229
167.52280147 -46.41607253
167.52410063 -46.41613275
167.52539979 -46.41619296
167.52669895 -46.41625316
167.52799811 -46.41631334
167.52929727 -46.41637350
167.53059644 -46.41643365
167.53189561 -46.41649379
167.53319479 -46.41655391
167.53449397 -46.41661402
167.53579315 -46.41667411
167.53709233 -46.41673419
167.53839152 -46.41679425
167.53969071 -46.41685430
167.54098990 -46.41691433
167.54228910 -46.41697435
167.54358829 -46.41703435
167.54488750 -46.41709434
167.54618670 -46.41715432
167.54748591 -46.41721428
167.54878512 -46.41727422
167.55008433 -46.41733415
167.55138355 -46.41739407
167.55268277 -46.41745397
167.55398199 -46.41751385
167.55528121 -46.41757373
167.55658044 -46.41763358
167.55787967 -46.41769342
167.55917891 -46.41775325
167.56047815 -46.41781307
167.56177738 -46.41787286
167.56307663 -46.41793265
167.56437587 -46.41799242
167.56567512 -46.41805217
167.56697437 -46.41811191
167.56827363 -46.41817163
167.56957289 -46.41823134
167.57087215 -46.41829104
167.57217141 -46.41835072
167.57347068 -46.41841039
167.57476995 -46.41847004
167.57606922 -46.41852967
167.57736849 -46.41858930
167.57866777 -46.41864890
167.57996705 -46.41870849
167.58126634 -46.41876807
167.58256562 -46.41882764
167.58386491 -46.41888718
167.58516421 -46.41894672
167.58646350 -46.41900624
167.58776280 -46.41906574
167.58906210 -46.41912523
167.59036141 -46.41918471
167.59166072 -46.41924417
167.59296003 -46.41930361
167.59425934 -46.41936304
167.59555865 -46.41942246
167.59685797 -46.41948186
167.59815730 -46.41954125
167.59945662 -46.41960062
167.60075595 -46.41965998
167.60205528 -46.41971932
167.60335462 -46.41977865
167.60465395 -46.41983797
167.60595329 -46.41989727
167.60725263 -46.41995655
167.60855198 -46.42001582
167.60985133 -46.42007508
167.61115068 -46.42013432
167.61245003 -46.42019354
167.61374939 -46.42025276
167.61504875 -46.42031195
167.61634812 -46.42037114
167.61764748 -46.42043030
167.61894685 -46.42048946
167.62024622 -46.42054860
167.62154560 -46.42060772
167.62284498 -46.42066683
167.62414436 -46.42072592
167.62544374 -46.42078500
167.62674313 -46.42084407
167.62804251 -46.42090312
167.62934191 -46.42096215
167.63064130 -46.42102117
167.63194070 -46.42108018
167.63324010 -46.42113917
167.63453951 -46.42119815
167.63583891 -46.42125711
167.63713832 -46.42131606
167.63843773 -46.42137499
167.63973715 -46.42143391
167.64103657 -46.42149281
167.64233599 -46.42155170
167.64363541 -46.42161057
167.64493484 -46.42166943
167.64623427 -46.42172828
167.64753370 -46.42178711
167.64883314 -46.42184592
167.65013258 -46.42190472
167.65143202 -46.42196351
167.65273146 -46.42202228
167.65403091 -46.42208103
167.65533036 -46.42213978
167.65662981 -46.42219850
167.65792927 -46.42225722
167.65922873 -46.42231591
167.66052819 -46.42237460
167.66182765 -46.42243326
167.66312712 -46.42249192
167.66442659 -46.42255056
167.66572606 -46.42260918
167.66702554 -46.42266779
167.66832502 -46.42272638
167.66962450 -46.42278496
167.67092399 -46.42284353
167.67222347 -46.42290208
167.67352296 -46.42296061
167.67482246 -46.42301914
167.67612195 -46.42307764
167.67742145 -46.42313613
167.67872095 -46.42319461
167.67880728 -46.42229187
167.67889360 -46.42138913
167.67897991 -46.42048639
167.67906623 -46.41958365
167.67915254 -46.41868090
167.67923885 -46.41777816
167.67932515 -46.41687542
167.67941146 -46.41597268
167.67949776 -46.41506993
167.67958405 -46.41416719
167.67967035 -46.41326444
167.67975664 -46.41236170
167.67984292 -46.41145896
167.67992921 -46.41055621
167.68001549 -46.40965347
167.68010177 -46.40875072
167.68018805 -46.40784798
167.68027432 -46.40694523
167.68036059 -46.40604248
167.68044686 -46.40513974
167.68053312 -46.40423699
167.68061938 -46.40333425
167.68070564 -46.40243150
167.68079190 -46.40152875
167.68087815 -46.40062600
167.68096440 -46.39972325
167.68105065 -46.39882051
167.68113689 -46.39791776
167.68122313 -46.39701501
167.68130937 -46.39611226
167.68139560 -46.39520951
167.68148183 -46.39430676
167.68156806 -46.39340402
167.68165429 -46.39250127
167.68174051 -46.39159852
167.68182673 -46.39069577
167.68191295 -46.38979302
167.68199916 -46.38889026
167.68208537 -46.38798751
167.68217158 -46.38708476
167.68225779 -46.38618201
167.68234399 -46.38527926
167.68243019 -46.38437651
167.68251638 -46.38347376
167.68260258 -46.38257100
167.68268877 -46.38166825
167.68277496 -46.38076550
167.68286114 -46.37986274
167.68294732 -46.37895999
167.68303350 -46.37805724
167.68311968 -46.37715448
167.68320585 -46.37625173
167.68329202 -46.37534897
167.68337819 -46.37444622
167.68346435 -46.37354346
167.68355051 -46.37264071
167.68363667 -46.37173795
167.68372283 -46.37083520
167.68380898 -46.36993244
167.68389513 -46.36902968
167.68398128 -46.36812693
167.68406742 -46.36722417
167.68415356 -46.36632141
167.68423970 -46.36541865
167.68432583 -46.36451590
167.68441197 -46.36361314
167.68449809 -46.36271038
167.68458422 -46.36180762
167.68467034 -46.36090486
167.68475646 -46.36000210
167.68484258 -46.35909934
167.68492870 -46.35819658
167.68501481 -46.35729382
167.68510092 -46.35639106
167.68518702 -46.35548830
167.68527312 -46.35458554
167.68535922 -46.35368278
167.68544532 -46.35278002
167.68553142 -46.35187725
167.68561751 -46.35097449
167.68570360 -46.35007173
167.68578968 -46.34916897
167.68587576 -46.34826621
167.68596184 -46.34736344
167.68604792 -46.34646068
167.68613399 -46.34555791
167.68622006 -46.34465515
167.68630613 -46.34375239
167.68639220 -46.34284962
167.68647826 -46.34194686
167.68656432 -46.34104409
167.68665037 -46.34014133
167.68673643 -46.33923856
167.68682247 -46.33833580
167.68690852 -46.33743303
167.68699457 -46.33653026
167.68708061 -46.33562750
167.68716665 -46.33472473
167.68725268 -46.33382196
167.68733872 -46.33291919
167.68742475 -46.33201643
167.68751077 -46.33111366
167.68759680 -46.33021089
167.68768282 -46.32930812
167.68776884 -46.32840535
167.68785485 -46.32750258
167.68794086 -46.32659981
167.68802687 -46.32569705
167.68811288 -46.32479428
